using Plots, GraphRecipes, Makie

Markov240K = [
    0.5601    0.6564    0.6866    0.6133    0.5905    0.5733    0.5707    0.5635    0.5395    0.4947    0.4952    0.8102;
    0.2075    0.1851    0.1667    0.1974    0.2012    0.2041    0.2220    0.2087    0.2104    0.2310    0.2262    0.1148;
    0.0961    0.0533    0.0490    0.0646    0.2012    0.0647    0.0663    0.0685    0.0830    0.0822    0.0811    0.0289;
    0.0325    0.0234    0.0222    0.0268    0.0297    0.0304    0.0263    0.0388    0.0346    0.0397    0.0395    0.0105;
    0.0175    0.0120    0.0118    0.0127    0.0161    0.0154    0.0154    0.0138    0.0242    0.0175    0.0217    0.0054;
    0.0112    0.0085    0.0071    0.0096    0.0104    0.0128    0.0093    0.0138    0.0098    0.0091    0.0170    0.0050;
    0.0088    0.0070    0.0061    0.0067    0.0078    0.0101    0.0104    0.0118    0.0121    0.0109    0.0125    0.0021;
    0.0071    0.0054    0.0062    0.0083    0.0069    0.0110    0.0093    0.0059    0.0121    0.0124    0.0112    0.0021;
    0.0081    0.0069    0.0053    0.0075    0.0101    0.0132    0.0104    0.0165    0.0069    0.0153    0.0124    0.0025;
    0.0128    0.0109    0.0097    0.0116    0.0138    0.0145    0.0137    0.0165    0.0213    0.0211    0.0213    0.0054;
    0.0271    0.0227    0.0210    0.0306    0.0300    0.0326    0.0351    0.0303    0.0357    0.0429    0.0407    0.0088;
    0.0113    0.0084    0.0085    0.0107    0.0107    0.0180    0.0110    0.0118    0.0104    0.0233    0.0211    0.0042]

Markov120K = [
    0.5611    0.6598    0.6847    0.6161    0.5948    0.5574    0.5714    0.5540   0.5404    0.4859    0.5026    0.8182;
    0.2069    0.1836    0.1663    0.1936    0.1954    0.2071    0.2231    0.2037   0.2151    0.2354    0.2287    0.1170;
    0.0956    0.0526    0.0504    0.0679    0.1954    0.0663    0.0646    0.0733   0.0818    0.0840    0.0816    0.0268;
    0.0324    0.0237    0.0216    0.0285    0.0340    0.0356    0.0323    0.0460   0.0357    0.0447    0.0352    0.0089;
    0.0176    0.0115    0.0119    0.0126    0.0154    0.0170    0.0186    0.0149   0.0241    0.0138    0.0214    0.0037;
    0.0112    0.0081    0.0079    0.0075    0.0090    0.0121    0.0088    0.0124   0.0094    0.0110    0.0186    0.0052;
    0.0090    0.0074    0.0058    0.0070    0.0090    0.0105    0.0127    0.0137   0.0126    0.0131    0.0125    0.0022;
    0.0070    0.0051    0.0061    0.0070    0.0080    0.0089    0.0078    0.0087   0.0126    0.0117    0.0109    0.0007;
    0.0082    0.0071    0.0054    0.0081    0.0080    0.0146    0.0078    0.0174   0.0042    0.0110    0.0138    0.0022;
    0.0124    0.0099    0.0099    0.0131    0.0143    0.0162    0.0137    0.0137   0.0283    0.0234    0.0189    0.0037;
    0.0270    0.0226    0.0210    0.0277    0.0297    0.0356    0.0313    0.0323   0.0252    0.0427    0.0358    0.0060;
    0.0118    0.0086    0.0089    0.0109    0.0112    0.0186    0.0078    0.0099   0.0105    0.0234    0.0202    0.0052]

Markov160K = [ 
    0.7775    0.7020    0.6390    0.5968    0.5559    0.5623    0.9356;
    0.1202    0.1366    0.1477    0.1628    0.1758    0.1716    0;
    0.0389    0.0522    0.0729    0.0749    0.1758    0.0773    0;
    0.0218    0.0360    0.0467    0.0492    0.0549    0.0563    0;
    0.0182    0.0309    0.0420    0.0469    0.0490    0.0563    0;
    0.0176    0.0308    0.0383    0.0518    0.0598    0.0563    0;
    0.0058    0.0115    0.0135    0.0177    0.0233    0.0199    0] 

graphplot(
    Markov120K, 
    names=[lpad(i,2) for i in 1:size(Markov120K,1)],
    edge_width=(d,s,w) -> Markov120K[s,d]*5,
    nodesize=0.3,
    markercolor=palette(:default, size(Markov120K,1))[1:size(Markov120K,1)],
    nodeshape=:circle,
    markerstrokewidth=0)